4 0.333984375 0.723298121875 0.361328125 0.676349765625 0.361328125 0.6528755875 0.3330078125 0.625 0.2705078125 0.6660798125 0.2666015625 0.6778169015625 0.2900390625 0.6778169015625 0.291015625 0.6851525828125 0.2607421875 0.730633803125 0.2509765625 0.730633803125 0.2333984375 0.7629107984375 0.2060546875 0.7687793421875 0.1357421875 0.818661971875 0.048828125 0.9521713609375 0.04296875 0.9873826296875 0.0478515625 1 0.287109375 0.9991197187499999 0.3154296875 0.9976525828125 0.3203125 0.9873826296875 0.326171875 0.7585093890625 0.333984375 0.723298121875
4 0.3857421875 0.924295775 0.361328125 0.9932511734375 0.3623046875 1 0.484375 0.9991197187499999 0.48046875 0.975645540625 0.45703125 0.9228286390625 0.4248046875 0.900821596875 0.3857421875 0.924295775
4 0.458984375 0.8259976531250001 0.4453125 0.7937206578125 0.44921875 0.770246478125 0.4365234375 0.7423708921875 0.4169921875 0.7394366203125 0.3896484375 0.7834507046875 0.3515625 0.8230633796875001 0.3525390625 0.8303990609375 0.388671875 0.8230633796875001 0.380859375 0.8817488265625 0.384765625 0.919894365625 0.361328125 0.9961854453125 0.482421875 0.9991197187499999 0.48046875 0.975645540625 0.455078125 0.919894365625 0.451171875 0.84947183125 0.458984375 0.8259976531250001
4 0.5439453125 0.9829812203125 0.5302734375 0.9888497656249999 0.5234375 0.9697769953125001 0.5830078125 0.8832159624999999 0.6083984375 0.880281690625 0.6259765625 0.8890845078125 0.6396484375 0.8744131453125 0.666015625 0.828931925 0.673828125 0.7115610328125 0.6826171875 0.7012910796875 0.716796875 0.6939553984375 0.712890625 0.65874413125 0.6923828125 0.622065728125 0.6630859375 0.6191314546875 0.638671875 0.6440727703125 0.6220703125 0.68661971875 0.5654296875 0.715962440625 0.5224609375 0.7247652578125 0.4931640625 0.7453051640624999 0.470703125 0.7819835687500001 0.453125 0.8612089203125001 0.45703125 0.91696009375 0.46875 0.9521713609375 0.4912109375 0.9976525828125 0.5625 0.9961854453125 0.56640625 0.9785798124999999 0.5576171875 0.9624413140625 0.5478515625 0.9683098593749999 0.5439453125 0.9829812203125
4 0.6240234375 1 0.6298828125 0.9565727703125001 0.6591796875 0.9976525828125 0.669921875 0.9991197187499999 0.62890625 0.9110915500000001 0.6044921875 0.880281690625 0.5810546875 0.8861502343750001 0.5234375 0.9727112671875 0.5712890625 0.947769953125 0.5791015625 1 0.6240234375 1
4 0.6884765625 0.8949530515624999 0.685546875 0.8876173703125 0.73828125 0.8406690140625 0.7255859375 0.82159624375 0.6845703125 0.8157277000000001 0.6220703125 0.8949530515624999 0.6044921875 0.880281690625 0.5810546875 0.8861502343750001 0.529296875 0.9697769953125001 0.5693359375 0.950704225 0.5810546875 1 0.6796875 0.9991197187499999 0.7109375 0.9492370890625 0.720703125 0.899354459375 0.7197265625 0.8890845078125 0.6884765625 0.8949530515624999
4 0.2333984375 0.7599765265625 0.2509765625 0.7276995312500001 0.2607421875 0.7276995312500001 0.2890625 0.6851525828125 0.2626953125 0.6778169015625 0.2080078125 0.6807511734375 0.1337890625 0.7012910796875 0.076171875 0.7526408453125 0.056640625 0.8201291078124999 0.0595703125 0.8362676062500001 0.0703125 0.8348004687499999 0.1083984375 0.8127934265625001 0.1416015625 0.8098591546874999 0.1865234375 0.7746478875 0.2333984375 0.7599765265625
4 0 0.9991197187499999 0.037109375 0.9991197187499999 0.048828125 0.9463028171874999 0.103515625 0.8582746484375001 0.0986328125 0.8450704218749999 0.0537109375 0.839201878125 0.0263671875 0.8568075125 0 0.8876173703125 0 0.9991197187499999
4 0.0595703125 0.68661971875 0.1064453125 0.689553990625 0.115234375 0.6528755875 0.138671875 0.6294014078125 0.146484375 0.5971244125 0.1298828125 0.580985915625 0.1181640625 0.580985915625 0.09375 0.6029929578125001 0.0830078125 0.6396713609375 0.0009765625 0.663145540625 0 0.7614436625 0.01171875 0.7614436625 0.03125 0.7526408453125 0.013671875 0.7291666671875 0.0439453125 0.710093896875 0.0595703125 0.68661971875
4 0.27734375 0.5941901406250001 0.2666015625 0.5897887328125 0.2236328125 0.607394365625 0.2001953125 0.60446009375 0.1572265625 0.6161971828125 0.115234375 0.6558098593749999 0.111328125 0.6910211265624999 0.11328125 0.7056924875 0.119140625 0.7056924875 0.1826171875 0.6660798125 0.2236328125 0.6602112671875 0.2646484375 0.627934271875 0.27734375 0.5941901406250001
4 0.169921875 0.5619131453125 0.171875 0.5941901406250001 0.2216796875 0.586854459375 0.2265625 0.5619131453125 0.1884765625 0.542840375 0.169921875 0.5619131453125
4 0.3837890625 0.5780516437500001 0.421875 0.5472417843749999 0.4033203125 0.5223004687499999 0.3876953125 0.519366196875 0.3642578125 0.56338028125 0.2998046875 0.5780516437500001 0.2822265625 0.5897887328125 0.267578125 0.614730046875 0.2685546875 0.625 0.29296875 0.6235328640625 0.3154296875 0.6191314546875 0.3525390625 0.5897887328125 0.3740234375 0.5956572765625 0.3837890625 0.5780516437500001
4 0.458984375 0.608861503125 0.4306640625 0.5780516437500001 0.4150390625 0.580985915625 0.3984375 0.6000586859375 0.39453125 0.6528755875 0.419921875 0.6704812203125 0.4306640625 0.6396713609375 0.4541015625 0.6308685453125 0.458984375 0.6205985921875 0.458984375 0.608861503125
4 0.3720703125 0.5956572765625 0.3466796875 0.5927230046874999 0.318359375 0.6205985921875 0.3544921875 0.6396713609375 0.365234375 0.6704812203125 0.37109375 0.6704812203125 0.3876953125 0.6602112671875 0.39453125 0.6440727703125 0.39453125 0.6264671359375 0.3720703125 0.5956572765625
4 0.4619140625 0.6807511734375 0.435546875 0.717429578125 0.435546875 0.74090375625 0.451171875 0.770246478125 0.447265625 0.7937206578125 0.458984375 0.8113262906250001 0.48828125 0.7467723 0.486328125 0.6880868546875 0.4912109375 0.663145540625 0.4619140625 0.6807511734375
4 0.599609375 0.6851525828125 0.58984375 0.65874413125 0.5693359375 0.6367370890624999 0.5458984375 0.6308685453125 0.5146484375 0.6396713609375 0.5048828125 0.64553990625 0.48828125 0.6792840375 0.486328125 0.7350352109375 0.49609375 0.74090375625 0.5302734375 0.7188967140625 0.5673828125 0.71302816875 0.5966796875 0.6954225359375 0.599609375 0.6851525828125
4 0.82421875 0.641138496875 0.8056640625 0.5956572765625 0.7880859375 0.580985915625 0.7666015625 0.5780516437500001 0.748046875 0.5971244125 0.763671875 0.6470070421874999 0.763671875 0.7321009390625 0.7705078125 0.7394366203125 0.78515625 0.7350352109375 0.79296875 0.831866196875 0.80078125 0.8348004687499999 0.798828125 0.7526408453125 0.8115234375 0.7511737093749999 0.81640625 0.74090375625 0.82421875 0.641138496875
4 0.7412109375 0.6132629109375001 0.7216796875 0.60446009375 0.697265625 0.6235328640625 0.716796875 0.6675469484375001 0.716796875 0.6939553984375 0.67578125 0.7086267609375 0.673828125 0.8142605640625 0.6845703125 0.8157277000000001 0.6962890625 0.798122065625 0.7001953125 0.8127934265625001 0.7294921875 0.818661971875 0.7353515625 0.7863849765625 0.736328125 0.8201291078124999 0.7421875 0.828931925 0.748046875 0.7555751171875 0.763671875 0.72036385 0.76171875 0.6470070421874999 0.7412109375 0.6132629109375001
4 0.4921875 0.5765845078125 0.484375 0.6176643187499999 0.501953125 0.6294014078125 0.533203125 0.6000586859375 0.533203125 0.5853873234375 0.5146484375 0.560446009375 0.4921875 0.5765845078125
4 0.5498046875 0.5721830984375 0.5517578125 0.580985915625 0.564453125 0.5824530515624999 0.55859375 0.6176643187499999 0.580078125 0.6294014078125 0.599609375 0.6000586859375 0.595703125 0.5707159625 0.5771484375 0.5575117374999999 0.5498046875 0.5721830984375