4 0.6337890625 0.6171875 0.6005859375 0.6145833328125 0.587890625 0.6236979171875 0.580078125 0.6497395828125 0.5859375 0.7200520828125 0.595703125 0.72265625 0.59765625 0.6888020828125 0.6025390625 0.6848958328125 0.609375 0.7200520828125 0.625 0.7252604171875 0.634765625 0.6966145828125 0.638671875 0.6419270828125 0.646484375 0.63671875 0.6337890625 0.6171875
4 0.537109375 0.6419270828125 0.546875 0.6861979171875 0.544921875 0.7122395828125 0.55078125 0.71484375 0.5517578125 0.6953125 0.5546875 0.71484375 0.5595703125 0.7161458328125 0.5634765625 0.6875 0.56640625 0.7174479171875 0.580078125 0.7200520828125 0.580078125 0.6497395828125 0.5859375 0.6263020828125 0.5517578125 0.6145833328125 0.537109375 0.6419270828125
4 0.5 0.68359375 0.5068359375 0.6822916671875 0.513671875 0.7122395828125 0.5234375 0.7096354171875 0.525390625 0.6705729171875 0.517578125 0.6341145828125 0.5068359375 0.6171875 0.4912109375 0.609375 0.4814453125 0.6119791671875 0.46875 0.63671875 0.4765625 0.7122395828125 0.484375 0.71484375 0.4873046875 0.6796875 0.4951171875 0.6796875 0.4990234375 0.6927083328125 0.5 0.68359375
4 0.453125 0.6809895828125 0.44921875 0.6393229171875 0.4384765625 0.609375 0.4208984375 0.6041666671875 0.392578125 0.6341145828125 0.40625 0.71484375 0.4248046875 0.6901041671875 0.4365234375 0.7083333328125 0.44140625 0.6888020828125 0.453125 0.6809895828125
4 0.357421875 0.6471354171875 0.3466796875 0.6354166671875 0.3115234375 0.6223958328125 0.2587890625 0.6197916671875 0.248046875 0.6419270828125 0.244140625 0.6705729171875 0.25390625 0.6940104171875 0.25390625 0.7122395828125 0.259765625 0.71484375 0.259765625 0.68359375 0.2666015625 0.6744791671875 0.2822265625 0.7135416671875 0.28515625 0.7044270828125 0.27734375 0.6809895828125 0.2998046875 0.6770833328125 0.302734375 0.68359375 0.29296875 0.71484375 0.298828125 0.71484375 0.3115234375 0.6848958328125 0.3203125 0.71484375 0.328125 0.7200520828125 0.322265625 0.68359375 0.3408203125 0.6692708328125 0.3564453125 0.671875 0.357421875 0.6471354171875
4 0.3330078125 0.6145833328125 0.330078125 0.6263020828125 0.357421875 0.6497395828125 0.359375 0.6731770828125 0.349609375 0.67578125 0.349609375 0.7044270828125 0.376953125 0.7096354171875 0.390625 0.6653645828125 0.38671875 0.63671875 0.3544921875 0.6119791671875 0.3330078125 0.6145833328125
4 0.109375 0.6575520828125 0.0888671875 0.6223958328125 0.0576171875 0.6171875 0.044921875 0.6393229171875 0.046875 0.7122395828125 0.052734375 0.7122395828125 0.0556640625 0.6796875 0.0634765625 0.7161458328125 0.0693359375 0.6822916671875 0.0732421875 0.71875 0.0791015625 0.6744791671875 0.087890625 0.6861979171875 0.091796875 0.7200520828125 0.09765625 0.72265625 0.091796875 0.6888020828125 0.0947265625 0.6822916671875 0.10546875 0.6888020828125 0.109375 0.6575520828125
4 0.18359375 0.6236979171875 0.1953125 0.6888020828125 0.205078125 0.6966145828125 0.212890625 0.6809895828125 0.220703125 0.6080729171875 0.2001953125 0.5911458328125 0.18359375 0.6236979171875
4 0.1572265625 0.5963541671875 0.1484375 0.6080729171875 0.14453125 0.6419270828125 0.15234375 0.6549479171875 0.154296875 0.6861979171875 0.171875 0.6966145828125 0.171875 0.66796875 0.185546875 0.6315104171875 0.1728515625 0.5963541671875 0.1572265625 0.5963541671875
4 0.1572265625 0.578125 0.1181640625 0.5703125 0.115234375 0.5924479171875 0.12109375 0.62109375 0.12890625 0.6419270828125 0.142578125 0.6549479171875 0.14453125 0.6184895828125 0.150390625 0.6028645828125 0.166015625 0.58984375 0.1572265625 0.578125
4 0.7373046875 0.5651041671875 0.6943359375 0.5703125 0.6787109375 0.5598958328125 0.673828125 0.56640625 0.673828125 0.5846354171875 0.6826171875 0.5859375 0.6943359375 0.609375 0.7060546875 0.6067708328125 0.7138671875 0.6223958328125 0.73046875 0.62109375 0.7353515625 0.6119791671875 0.748046875 0.6184895828125 0.74609375 0.5794270828125 0.7373046875 0.5651041671875
4 0.58984375 0.5403645828125 0.599609375 0.5716145828125 0.61328125 0.5716145828125 0.619140625 0.56640625 0.615234375 0.53515625 0.5966796875 0.5286458328125 0.58984375 0.5403645828125
4 0.57421875 0.5768229171875 0.58203125 0.5768229171875 0.6015625 0.5716145828125 0.5888671875 0.5390625 0.564453125 0.55078125 0.57421875 0.5768229171875
4 0.5419921875 0.5755208328125 0.560546875 0.58203125 0.57421875 0.5794270828125 0.5654296875 0.5494791671875 0.5390625 0.5638020828125 0.5419921875 0.5755208328125
4 0.4765625 0.56640625 0.4912109375 0.5807291671875 0.521484375 0.5794270828125 0.521484375 0.5611979171875 0.5068359375 0.5442708328125 0.4873046875 0.5520833328125 0.4765625 0.56640625
4 0.26953125 0.5091145828125 0.267578125 0.53515625 0.2890625 0.5533854171875 0.298828125 0.51953125 0.2919921875 0.5052083328125 0.2802734375 0.5 0.26953125 0.5091145828125
4 0.2431640625 0.5182291671875 0.2255859375 0.5182291671875 0.19921875 0.5481770828125 0.197265625 0.5559895828125 0.212890625 0.56640625 0.2216796875 0.5546875 0.2421875 0.5559895828125 0.248046875 0.53515625 0.2431640625 0.5182291671875
4 0.4501953125 0.4765625 0.435546875 0.4908854171875 0.431640625 0.5143229171875 0.4462890625 0.546875 0.4560546875 0.5260416671875 0.458984375 0.5481770828125 0.46484375 0.5403645828125 0.470703125 0.48828125 0.4619140625 0.4765625 0.4501953125 0.4765625
4 0.501953125 0.48046875 0.50390625 0.51953125 0.513671875 0.5221354171875 0.5234375 0.5091145828125 0.525390625 0.4752604171875 0.5087890625 0.4661458328125 0.501953125 0.48046875
4 0.484375 0.4752604171875 0.486328125 0.5221354171875 0.4892578125 0.5286458328125 0.50390625 0.52734375 0.5234375 0.5065104171875 0.525390625 0.4778645828125 0.5146484375 0.4661458328125 0.484375 0.4752604171875
4 0.7802734375 0.5442708328125 0.775390625 0.5690104171875 0.7939453125 0.5755208328125 0.802734375 0.59765625 0.80859375 0.59765625 0.82421875 0.5872395828125 0.837890625 0.56640625 0.837890625 0.5533854171875 0.7802734375 0.5442708328125
4 0.798828125 0.5846354171875 0.7783203125 0.5729166671875 0.7744140625 0.5520833328125 0.7490234375 0.5572916671875 0.7412109375 0.546875 0.7275390625 0.5494791671875 0.72265625 0.55859375 0.744140625 0.57421875 0.75 0.6158854171875 0.767578125 0.6184895828125 0.7724609375 0.609375 0.7900390625 0.6171875 0.80078125 0.6002604171875 0.798828125 0.5846354171875
4 0.62109375 0.5924479171875 0.6279296875 0.6171875 0.689453125 0.62109375 0.689453125 0.59765625 0.6689453125 0.5807291671875 0.6298828125 0.5807291671875 0.62109375 0.5924479171875
4 0.7080078125 0.5182291671875 0.6689453125 0.5260416671875 0.65625 0.55078125 0.6630859375 0.5703125 0.6767578125 0.5598958328125 0.705078125 0.5690104171875 0.7216796875 0.5598958328125 0.724609375 0.5481770828125 0.720703125 0.5299479171875 0.7080078125 0.5182291671875
4 0.630859375 0.5065104171875 0.642578125 0.5533854171875 0.65234375 0.55859375 0.6640625 0.4908854171875 0.6572265625 0.4765625 0.6416015625 0.4739583328125 0.630859375 0.5065104171875
4 0.546875 0.5247395828125 0.576171875 0.5403645828125 0.578125 0.5143229171875 0.5576171875 0.4921875 0.548828125 0.50390625 0.546875 0.5247395828125
4 0.5400390625 0.4791666671875 0.533203125 0.49609375 0.5361328125 0.5078125 0.546875 0.5091145828125 0.55078125 0.49609375 0.5625 0.48828125 0.5498046875 0.4739583328125 0.5400390625 0.4791666671875
4 0.6025390625 0.4869791671875 0.5927734375 0.4947916671875 0.583984375 0.51171875 0.58984375 0.5221354171875 0.6005859375 0.5104166671875 0.6201171875 0.5182291671875 0.6171875 0.4908854171875 0.6025390625 0.4869791671875
4 0.4365234375 0.578125 0.482421875 0.5794270828125 0.4658203125 0.5520833328125 0.4365234375 0.5442708328125 0.4140625 0.5638020828125 0.4365234375 0.578125
4 0.3681640625 0.6041666671875 0.3583984375 0.59375 0.349609375 0.60546875 0.37890625 0.62109375 0.392578125 0.6002604171875 0.3837890625 0.5807291671875 0.373046875 0.5846354171875 0.3681640625 0.6041666671875