4 0.1806640625 0.48415492968749996 0.169921875 0.5002934265625 0.171875 0.5413732390625 0.16015625 0.5648474171875 0.1552734375 0.6015258218749999 0.1728515625 0.560446009375 0.1787109375 0.6015258218749999 0.181640625 0.5677816906250001 0.1923828125 0.5487089203125 0.2119140625 0.56338028125 0.2314453125 0.5575117374999999 0.2412109375 0.6103286390625 0.240234375 0.5648474171875 0.2607421875 0.5575117374999999 0.279296875 0.614730046875 0.2890625 0.5765845078125 0.2568359375 0.5017605640625 0.2041015625 0.4812206578125 0.1806640625 0.48415492968749996
4 0.0830078125 0.451877934375 0.0703125 0.46508215937499997 0.072265625 0.4973591546875 0.064453125 0.50909624375 0.0595703125 0.5457746484375 0.0673828125 0.519366196875 0.076171875 0.5443075125 0.07421875 0.5149647890625 0.0849609375 0.498826290625 0.1171875 0.5149647890625 0.1162109375 0.5487089203125 0.1240234375 0.5134976531250001 0.1416015625 0.5487089203125 0.1357421875 0.516431925 0.16015625 0.5472417843749999 0.162109375 0.5208333328125 0.1318359375 0.4665492953125 0.0986328125 0.451877934375 0.0830078125 0.451877934375
4 0.3681640625 0.5780516437500001 0.3779296875 0.5311032859375 0.3876953125 0.5780516437500001 0.3916015625 0.5311032859375 0.396484375 0.5677816906250001 0.404296875 0.5677816906250001 0.412109375 0.5443075125 0.3916015625 0.48415492968749996 0.3681640625 0.47241784062500003 0.3505859375 0.47241784062500003 0.341796875 0.48268779375 0.34765625 0.5795187796875 0.34765625 0.55017605625 0.3564453125 0.5311032859375 0.37109375 0.532570421875 0.3681640625 0.5780516437500001
4 0.4453125 0.47681924843749995 0.4482421875 0.5281690140624999 0.4521484375 0.519366196875 0.45703125 0.5237676062500001 0.4599609375 0.5046948359375001 0.4755859375 0.5076291078125 0.4775390625 0.5252347421875 0.4814453125 0.5105633796875 0.4892578125 0.5252347421875 0.48828125 0.5120305171874999 0.4970703125 0.5076291078125 0.501953125 0.5237676062500001 0.51171875 0.52963615 0.505859375 0.4973591546875 0.4912109375 0.47241784062500003 0.4560546875 0.4636150234375 0.4453125 0.47681924843749995
4 0.6201171875 0.5017605640625 0.62890625 0.506161971875 0.6337890625 0.5281690140624999 0.6337890625 0.5017605640625 0.642578125 0.5237676062500001 0.650390625 0.526701878125 0.650390625 0.50909624375 0.6298828125 0.4636150234375 0.6005859375 0.45774647812499997 0.591796875 0.46801643125 0.591796875 0.526701878125 0.59765625 0.52963615 0.6025390625 0.498826290625 0.615234375 0.5032277 0.6142578125 0.5281690140624999 0.6201171875 0.5017605640625
4 0.677734375 0.46508215937499997 0.6767578125 0.5105633796875 0.6845703125 0.492957746875 0.6904296875 0.5076291078125 0.6923828125 0.492957746875 0.7119140625 0.5017605640625 0.7236328125 0.492957746875 0.736328125 0.5178990609375 0.73828125 0.5002934265625 0.7216796875 0.4636150234375 0.6865234375 0.45481220625 0.677734375 0.46508215937499997
4 0.794921875 0.46508215937499997 0.794921875 0.4914906109375 0.8017578125 0.5046948359375001 0.8046875 0.4914906109375 0.8115234375 0.4900234734375 0.8291015625 0.498826290625 0.8359375 0.5120305171874999 0.83984375 0.4973591546875 0.8251953125 0.4636150234375 0.8037109375 0.45481220625 0.794921875 0.46508215937499997
4 0.26953125 0.438673709375 0.2705078125 0.498826290625 0.2744140625 0.46948356875 0.2802734375 0.498826290625 0.2822265625 0.46948356875 0.3115234375 0.47241784062500003 0.3125 0.4973591546875 0.318359375 0.4973591546875 0.32421875 0.47975352187500003 0.3076171875 0.4401408453125 0.2861328125 0.431338028125 0.26953125 0.438673709375
4 0.3603515625 0.40492957812499997 0.3388671875 0.410798121875 0.330078125 0.43280516406249997 0.333984375 0.444542253125 0.3388671875 0.43427230000000006 0.3642578125 0.44307511718750003 0.365234375 0.4122652578125 0.3603515625 0.40492957812499997
4 0.2431640625 0.431338028125 0.275390625 0.42987089218749996 0.2626953125 0.40492957812499997 0.2509765625 0.4019953046875 0.2421875 0.4122652578125 0.2431640625 0.431338028125
4 0.1494140625 0.43427230000000006 0.1767578125 0.42840375625 0.1875 0.43573943593750003 0.1767578125 0.40492957812499997 0.1572265625 0.3990610328125 0.1484375 0.4122652578125 0.1494140625 0.43427230000000006
4 0.087890625 0.438673709375 0.0927734375 0.431338028125 0.0947265625 0.4460093890625 0.1025390625 0.431338028125 0.1083984375 0.44307511718750003 0.1123046875 0.43427230000000006 0.1142578125 0.44307511718750003 0.1181640625 0.4372065734375 0.12890625 0.444542253125 0.1162109375 0.40786385000000003 0.0947265625 0.4019953046875 0.08984375 0.4093309859375 0.087890625 0.438673709375
4 0.8369140625 0.4870892015625 0.8505859375 0.4870892015625 0.8544921875 0.5017605640625 0.8583984375 0.4870892015625 0.8671875 0.5032277 0.8583984375 0.46068075156250005 0.8349609375 0.45481220625 0.830078125 0.4621478875 0.8369140625 0.4870892015625
4 0.7763671875 0.4401408453125 0.76953125 0.47681924843749995 0.779296875 0.47975352187500003 0.7822265625 0.46948356875 0.7939453125 0.47241784062500003 0.80078125 0.4504107984375 0.7763671875 0.4401408453125