4 0.34375 0.5046296296875 0.265625 0.5231481484375 0.2296875 0.5509259265625001 0.209375 0.60648148125 0.1953125 0.7754629625 0.1703125 0.91898148125 0.1734375 0.946759259375 0.18125 0.9490740734375 0.1953125 0.9351851859375 0.21875 0.8333333328125001 0.2421875 0.8009259265625 0.2546875 0.7986111109375 0.24375 0.9004629625 0.2578125 0.9074074078125 0.2703125 0.8888888890625 0.2890625 0.8078703703125001 0.3 0.7916666671875 0.3109375 0.7916666671875 0.359375 0.8125 0.4046875 0.803240740625 0.4234375 0.8194444437499999 0.44375 0.8703703703125001 0.4390625 0.9513888890625 0.4703125 0.9768518515625001 0.465625 0.9004629625 0.471875 0.85648148125 0.48125 0.821759259375 0.5125 0.8009259265625 0.5375 0.75 0.553125 0.6296296296875 0.5625 0.5995370375 0.5625 0.5671296296875 0.5765625 0.553240740625 0.5734375 0.527777778125 0.559375 0.5 0.534375 0.4768518515625 0.5125 0.47453703750000004 0.490625 0.48842592656250006 0.465625 0.5208333328125 0.34375 0.5046296296875
4 0 0.54398148125 0.05 0.5509259265625001 0.1015625 0.5416666671875 0.109375 0.60648148125 0.1140625 0.6111111109375 0.1203125 0.590277778125 0.1296875 0.5856481484375 0.1390625 0.634259259375 0.14375 0.571759259375 0.15 0.5648148140625 0.1890625 0.5509259265625001 0.2015625 0.5671296296875 0.203125 0.597222221875 0.2171875 0.5949074078125001 0.23125 0.546296296875 0.225 0.49305555625 0.215625 0.46296296249999996 0.165625 0.3796296296875 0.14375 0.3634259265625 0.065625 0.34027777812500004 0.0171875 0.34027777812500004 0 0.3449074078125 0 0.54398148125
4 0.215625 0.3958333328125 0.2109375 0.446759259375 0.2265625 0.553240740625 0.2609375 0.527777778125 0.3390625 0.509259259375 0.4671875 0.5231481484375 0.4984375 0.48379629687500003 0.496875 0.46296296249999996 0.4640625 0.39351851875 0.4359375 0.358796296875 0.3640625 0.3356481484375 0.315625 0.33101851875 0.2578125 0.34027777812500004 0.240625 0.3541666671875 0.215625 0.3958333328125
4 0.5609375 0.48842592656250006 0.5765625 0.5416666671875 0.575 0.784722221875 0.58125 0.8148148140625 0.596875 0.803240740625 0.603125 0.7384259265625001 0.6375 0.641203703125 0.6484375 0.6319444437499999 0.6765625 0.659722221875 0.7453125 0.6759259265625001 0.753125 0.6851851859375 0.7765625 0.7430555562500001 0.778125 0.7893518515625 0.7671875 0.8333333328125001 0.7703125 0.858796296875 0.790625 0.8495370375 0.8 0.8356481484374999 0.8 0.7546296296875 0.80625 0.7175925921874999 0.8421875 0.6944444437499999 0.8625 0.7013888890625 0.8796875 0.73148148125 0.8734375 0.766203703125 0.878125 0.7916666671875 0.9 0.784722221875 0.9203125 0.8148148140625 0.946875 0.8356481484374999 0.965625 0.8333333328125001 0.9578125 0.7083333328125 0.9296875 0.671296296875 0.909375 0.60648148125 0.86875 0.527777778125 0.85625 0.4861111109375 0.834375 0.4513888890625 0.81875 0.4375 0.784375 0.4328703703125 0.728125 0.40277777812500004 0.6421875 0.3958333328125 0.5953125 0.4166666671875 0.5703125 0.45370370312499997 0.5609375 0.48842592656250006
4 1 0.2893518515625 0.96875 0.2754629625 0.9328125 0.2754629625 0.796875 0.3240740734375 0.7609375 0.3634259265625 0.7421875 0.4074074078125 0.78125 0.43518518593750005 0.8265625 0.446759259375 0.86875 0.5138888890625 0.9203125 0.5115740734374999 0.9546875 0.5 0.9578125 0.5671296296875 0.946875 0.6041666671875 0.95 0.6296296296875 0.975 0.5578703703125 0.9796875 0.5115740734374999 0.9875 0.5023148140625 1 0.516203703125 1 0.2893518515625
4 0.5328125 0.42592592656250006 0.5828125 0.42592592656250006 0.59375 0.4166666671875 0.5875 0.40046296249999996 0.590625 0.3865740734375 0.603125 0.3888888890625 0.6015625 0.4050925921875 0.609375 0.4074074078125 0.625 0.39351851875 0.63125 0.3611111109375 0.6515625 0.36805555624999997 0.659375 0.3611111109375 0.6671875 0.2916666671875 0.6609375 0.23379629687499998 0.64375 0.215277778125 0.621875 0.21064814843750002 0.5796875 0.2384259265625 0.55625 0.2731481484375 0.5328125 0.42592592656250006
4 0.334375 0.2986111109375 0.3421875 0.328703703125 0.4296875 0.358796296875 0.471875 0.3958333328125 0.478125 0.3796296296875 0.4484375 0.2986111109375 0.446875 0.2615740734375 0.4359375 0.222222221875 0.4203125 0.196759259375 0.3796875 0.1875 0.35 0.2175925921875 0.3375 0.25 0.334375 0.2986111109375
4 0.20625 0.3726851859375 0.2140625 0.40046296249999996 0.2515625 0.34722222187499996 0.3140625 0.328703703125 0.3109375 0.2893518515625 0.296875 0.2615740734375 0.2734375 0.240740740625 0.246875 0.23611111093749998 0.2234375 0.24305555625 0.2078125 0.2708333328125 0.20625 0.3726851859375
4 0.003125 0.3379629625 0.1078125 0.358796296875 0.125 0.3541666671875 0.1265625 0.3263888890625 0.10625 0.2893518515625 0.096875 0.21296296250000002 0.0765625 0.1875 0.0359375 0.17361111093749998 0.015625 0.1828703703125 0 0.20833333281250002 0.003125 0.3379629625
4 0.1328125 0.1921296296875 0.1453125 0.19444444375 0.1671875 0.1759259265625 0.1765625 0.2453703703125 0.1875 0.2384259265625 0.2 0.20370370312500002 0.253125 0.20370370312500002 0.26875 0.1574074078125 0.3015625 0.13194444375 0.2765625 0.097222221875 0.2296875 0.08333333281250001 0.184375 0.08333333281250001 0.1515625 0.108796296875 0.13125 0.1759259265625 0.1328125 0.1921296296875
4 0 0.1620370375 0.009375 0.1666666671875 0.009375 0.1875 0.0265625 0.178240740625 0.01875 0.1666666671875 0.0234375 0.15277777812499999 0.06875 0.13888888906250002 0.0859375 0.15972222187500001 0.1015625 0.15277777812499999 0.1109375 0.11805555625 0.10625 0.07638888906249999 0.09375 0.057870370312499995 0.06875 0.055555556250000006 0.0296875 0.071759259375 0.00625 0.09953703750000001 0 0.11574074062499999 0 0.1620370375
4 0.115625 0 0.1078125 0.018518518749999997 0.0703125 0.053240740625000005 0.0796875 0.071759259375 0.0921875 0.07638888906249999 0.0921875 0.11805555625 0.1 0.1273148140625 0.121875 0.11574074062499999 0.1453125 0.11574074062499999 0.1640625 0.0740740734375 0.190625 0.055555556250000006 0.165625 0.0208333328125 0.14375 0.013888889062500001 0.1359375 0 0.115625 0
4 0.2375 0.0856481484375 0.2828125 0.10648148125000001 0.346875 0.10185185156250001 0.35625 0.08333333281250001 0.359375 0.034722221875 0.3421875 0.013888889062500001 0.31875 0.0115740734375 0.2609375 0.0300925921875 0.246875 0.0509259265625 0.2375 0.0856481484375
4 0.359375 0.1504629625 0.365625 0.1828703703125 0.4171875 0.1875 0.4328125 0.16898148125 0.44375 0.1041666671875 0.4390625 0.0671296296875 0.4265625 0.0486111109375 0.403125 0.046296296875 0.371875 0.08101851875 0.36875 0.1273148140625 0.359375 0.1504629625
4 0.44375 0.25694444375000003 0.45625 0.259259259375 0.4765625 0.23611111093749998 0.49375 0.23611111093749998 0.503125 0.259259259375 0.515625 0.2615740734375 0.53125 0.23611111093749998 0.546875 0.24305555625 0.5515625 0.23611111093749998 0.5515625 0.21296296250000002 0.534375 0.15277777812499999 0.490625 0.141203703125 0.440625 0.1620370375 0.421875 0.1875 0.44375 0.25694444375000003
4 0.5375 0.15972222187500001 0.54375 0.19444444375 0.5703125 0.1898148140625 0.575 0.171296296875 0.584375 0.1851851859375 0.5875 0.1620370375 0.60625 0.1898148140625 0.6265625 0.17361111093749998 0.596875 0.10648148125000001 0.5421875 0.0856481484375 0.521875 0.10185185156250001 0.515625 0.141203703125 0.5375 0.15972222187500001
4 0.6421875 0.215277778125 0.659375 0.2384259265625 0.6875 0.22453703749999998 0.7125 0.22453703749999998 0.76875 0.24305555625 0.784375 0.1828703703125 0.7828125 0.1504629625 0.765625 0.11805555625 0.7265625 0.11342592656249999 0.6546875 0.141203703125 0.61875 0.21296296250000002 0.6421875 0.215277778125
4 0.7953125 0.20138888906250002 0.8125 0.259259259375 0.8078125 0.296296296875 0.8125 0.3125 0.8265625 0.3171296296875 0.8609375 0.3009259265625 0.859375 0.2754629625 0.8671875 0.2800925921875 0.8671875 0.2986111109375 0.890625 0.28472222187499996 0.9328125 0.2800925921875 0.94375 0.240740740625 0.9625 0.21296296250000002 0.9671875 0.1504629625 0.9046875 0.125 0.8453125 0.1203703703125 0.8140625 0.1365740734375 0.7953125 0.178240740625 0.7953125 0.20138888906250002