4 0.462890625 0.6336605078125 0.484375 0.558602771875 0.490234375 0.4864318703125 0.5 0.47777136249999996 0.501953125 0.4633371828125 0.494140625 0.396939953125 0.4765625 0.35652425 0.4443359375 0.33198614375 0.4013671875 0.3175519625 0.2880859375 0.3175519625 0.1865234375 0.3695150109375 0.1298828125 0.42147805937499994 0.115234375 0.44890300156249996 0.0703125 0.5903579671875 0.064453125 0.6221131640625 0.068359375 0.68562355625 0.044921875 0.71160508125 0.05859375 0.723152425 0.07421875 0.766454965625 0.0859375 0.8299653578124999 0.0927734375 0.8400692843750001 0.1220703125 0.8342956125000001 0.138671875 0.7693418015625 0.1572265625 0.753464203125 0.1728515625 0.7245958421875 0.2021484375 0.7274826796875 0.2255859375 0.715935334375 0.236328125 0.740473440625 0.23828125 0.7635681296875 0.21875 0.8357390296875 0.2333984375 0.8400692843750001 0.2529296875 0.8256351046875 0.25 0.8617205546875001 0.2548828125 0.8718244796875 0.2685546875 0.8718244796875 0.28125 0.8299653578124999 0.2578125 0.73469976875 0.263671875 0.6827367203125 0.2744140625 0.67263279375 0.3525390625 0.681293303125 0.3837890625 0.6697459578125 0.412109375 0.7202655890624999 0.41015625 0.795323325 0.390625 0.8674942265625001 0.416015625 0.8703810624999999 0.4326171875 0.8285219406250001 0.4482421875 0.8342956125000001 0.470703125 0.8010969984375 0.462890625 0.6336605078125
4 0.638671875 0.6163394921875 0.6611328125 0.6091224015625001 0.6953125 0.619226328125 0.693359375 0.7780023093749999 0.7080078125 0.7852194 0.724609375 0.7751154734375 0.712890625 0.717378753125 0.71484375 0.6278868359375 0.720703125 0.6105658203125001 0.748046875 0.5788106234375 0.767578125 0.51530023125 0.771484375 0.46622401875 0.75390625 0.35941108593750004 0.7265625 0.2843533484375 0.7099609375 0.26558891406249996 0.6650390625 0.26847575 0.6396484375 0.28002309531249997 0.6142578125 0.277136259375 0.6025390625 0.2915704390625 0.5615234375 0.300230946875 0.529296875 0.3334295609375 0.513671875 0.38250577343750003 0.513671875 0.544168590625 0.529296875 0.58747113125 0.53125 0.6480946875 0.525390625 0.7520207859375 0.5380859375 0.759237875 0.548828125 0.7491339484374999 0.544921875 0.642321015625 0.552734375 0.56437644375 0.5615234375 0.5600461890624999 0.609375 0.619226328125 0.609375 0.6480946875 0.595703125 0.717378753125 0.6005859375 0.7361431875 0.611328125 0.7375866046875 0.603515625 0.7866628171875 0.619140625 0.789549653125 0.630859375 0.7780023093749999 0.630859375 0.7144919171875 0.640625 0.6740762124999999 0.638671875 0.6163394921875
4 0.8203125 0.36807159375 0.7998046875 0.37528868437499996 0.7275390625 0.2424942265625 0.6455078125 0.21073902968749997 0.6123046875 0.21073902968749997 0.5654296875 0.22517321093749998 0.548828125 0.249711315625 0.5380859375 0.3204387984375 0.5595703125 0.300230946875 0.6181640625 0.274249421875 0.7158203125 0.26847575 0.75390625 0.3536374140625 0.76953125 0.44024249375 0.78515625 0.47777136249999996 0.7919921875 0.4878752890625 0.80859375 0.4864318703125 0.814453125 0.48065819843749996 0.818359375 0.4056004625 0.806640625 0.38827944531249997 0.8203125 0.36807159375
4 0.0517578125 0.26847575 0.029296875 0.2959006921875 0.0322265625 0.3146651265625 0.078125 0.3161085453125 0.083984375 0.313221709375 0.083984375 0.2959006921875 0.0693359375 0.26847575 0.0517578125 0.26847575
4 0.2548828125 0.1991916859375 0.23828125 0.2092956125 0.2392578125 0.2309468828125 0.255859375 0.2295034640625 0.2802734375 0.22806004687499998 0.2890625 0.215069284375 0.2783203125 0.1991916859375 0.2548828125 0.1991916859375
4 0.8671875 0.1804272515625 0.8740234375 0.129907621875 0.88671875 0.140011546875 0.8896484375 0.170323325 0.892578125 0.140011546875 0.9013671875 0.129907621875 0.9228515625 0.13568129375 0.9306640625 0.14722863749999998 0.94140625 0.1428983828125 0.939453125 0.0995958421875 0.9208984375 0.08660508125000001 0.8974609375 0.0461893765625 0.8564453125 0.0404157046875 0.8388671875 0.051963048437500006 0.826171875 0.07650115468749999 0.828125 0.128464203125 0.841796875 0.1919745953125 0.849609375 0.1919745953125 0.853515625 0.15155889218750002 0.8623046875 0.13568129375 0.8603515625 0.18764434218749998 0.8671875 0.1804272515625
4 0.7998046875 0.051963048437500006 0.8076171875 0.06062355625 0.814453125 0.041859121875 0.810546875 0.027424942187500002 0.7958984375 0.0086605078125 0.7568359375 0.014434179687500001 0.75 0.02453810625 0.75 0.0447459578125 0.75390625 0.079387990625 0.759765625 0.079387990625 0.7666015625 0.051963048437500006 0.7880859375 0.051963048437500006 0.7900390625 0.0635103921875 0.7998046875 0.051963048437500006
4 0.6640625 0.056293303125000006 0.6689453125 0.0692840640625 0.681640625 0.067840646875 0.6875 0.0331986140625 0.6728515625 0.0230946875 0.662109375 0.038972285937500004 0.6640625 0.056293303125000006
4 0.1357421875 0.15300230937499998 0.1640625 0.154445728125 0.166015625 0.14578521875 0.1552734375 0.1270207859375 0.1328125 0.128464203125 0.1357421875 0.15300230937499998
4 0.28125 0.15155889218750002 0.2890625 0.1573325640625 0.3115234375 0.1501154734375 0.3125 0.1371247109375 0.2880859375 0.13568129375 0.28125 0.15155889218750002
4 0.2939453125 0.1270207859375 0.306640625 0.128464203125 0.3046875 0.1024826796875 0.2939453125 0.0952655890625 0.287109375 0.1111431875 0.2939453125 0.1270207859375
4 0.30859375 0.12269053125 0.314453125 0.1255773671875 0.328125 0.10536951562500001 0.3232421875 0.092378753125 0.310546875 0.0995958421875 0.30859375 0.12269053125
4 0.447265625 0.079387990625 0.4541015625 0.0894919171875 0.462890625 0.0880484984375 0.466796875 0.0649538109375 0.4560546875 0.0577367203125 0.447265625 0.067840646875 0.447265625 0.079387990625
4 0.5263671875 0.066397228125 0.541015625 0.0649538109375 0.548828125 0.059180139062500005 0.5458984375 0.051963048437500006 0.5234375 0.059180139062500005 0.5263671875 0.066397228125