4 0.470703125 0.7282448375 0.4775390625 0.7595870203125 0.4970703125 0.7411504421874999 0.5361328125 0.7411504421874999 0.5400390625 0.7595870203125 0.5458984375 0.7448377578125001 0.552734375 0.761430678125 0.556640625 0.687684365625 0.5439453125 0.6674041296875 0.4990234375 0.6747787609375 0.470703125 0.7282448375
4 0.3173828125 0.7374631265625 0.28515625 0.772492625 0.2880859375 0.7927728609375 0.298828125 0.7946165187500001 0.3525390625 0.7853982296875001 0.353515625 0.761430678125 0.3388671875 0.7374631265625 0.3173828125 0.7374631265625
4 0.173828125 0.7134955749999999 0.1689453125 0.7595870203125 0.23046875 0.772492625 0.25 0.717182890625 0.2431640625 0.6821533921875 0.1884765625 0.6932153390625 0.173828125 0.7134955749999999
4 0.2607421875 0.8997050140624999 0.2685546875 0.8849557515625 0.2978515625 0.8886430671875001 0.3193359375 0.9107669609375 0.330078125 0.9015486718749999 0.333984375 0.879424778125 0.3232421875 0.8443952796874999 0.2822265625 0.7890855453125 0.2255859375 0.7780235984375 0.2109375 0.798303834375 0.20703125 0.831489675 0.216796875 0.864675515625 0.216796875 0.894174040625 0.2216796875 0.8997050140624999 0.22265625 0.8757374625000001 0.2294921875 0.8702064890625 0.2421875 0.9126106187499999 0.2421875 0.88311209375 0.2470703125 0.8775811203125 0.2568359375 0.8775811203125 0.2607421875 0.8997050140624999
4 0.208984375 0.8019911499999999 0.224609375 0.77986725625 0.2197265625 0.7632743359374999 0.1591796875 0.7632743359374999 0.140625 0.77986725625 0.1484375 0.879424778125 0.158203125 0.8867994093749999 0.1650390625 0.8517699109375 0.1923828125 0.8554572265625 0.20703125 0.8351769906250001 0.208984375 0.8019911499999999
4 0.734375 0.831489675 0.75390625 0.849926253125 0.759765625 0.923672565625 0.767578125 0.923672565625 0.767578125 0.894174040625 0.7724609375 0.8886430671875001 0.78515625 0.931047196875 0.78515625 0.8278023593749999 0.7705078125 0.8038348078125 0.7470703125 0.8038348078125 0.734375 0.831489675
4 0.875 0.776179940625 0.8525390625 0.7448377578125001 0.8056640625 0.7743362828125 0.783203125 0.8167404125 0.7919921875 0.8554572265625 0.8427734375 0.8480825953125001 0.84375 0.890486725 0.849609375 0.890486725 0.8603515625 0.8591445421874999 0.875 0.86836283125 0.876953125 0.80936578125 0.875 0.776179940625
4 0.7333984375 0.6710914453125 0.71875 0.6987463125 0.73828125 0.702433628125 0.7685546875 0.7005899703125 0.771484375 0.680309734375 0.7626953125 0.6637168140624999 0.7333984375 0.6710914453125
4 0.310546875 0.625 0.3154296875 0.6489675515625 0.3232421875 0.6342182890625 0.3310546875 0.6489675515625 0.3369140625 0.6268436578125 0.34375 0.63237463125 0.3427734375 0.6489675515625 0.3486328125 0.6342182890625 0.353515625 0.64712389375 0.357421875 0.599188790625 0.3505859375 0.5862831859375001 0.3232421875 0.5936578171875 0.310546875 0.625
4 0.15234375 0.643436578125 0.1572265625 0.6563421828125 0.1787109375 0.6415929203124999 0.1806640625 0.6563421828125 0.1826171875 0.6415929203124999 0.1962890625 0.6379056046875 0.2001953125 0.6563421828125 0.2041015625 0.6415929203124999 0.208984375 0.6581858406250001 0.2109375 0.60287610625 0.2001953125 0.5899705015625 0.1689453125 0.6010324484375 0.15234375 0.643436578125
4 0.11328125 0.64712389375 0.1064453125 0.6379056046875 0.0732421875 0.6415929203124999 0.05078125 0.6692477875 0.052734375 0.702433628125 0.0791015625 0.6784660765625 0.0908203125 0.6784660765625 0.1044921875 0.7005899703125 0.11328125 0.64712389375
4 0.0703125 0.6950589968750001 0.068359375 0.7134955749999999 0.0791015625 0.7374631265625 0.10546875 0.739306784375 0.103515625 0.6987463125 0.0927734375 0.6784660765625 0.0791015625 0.6784660765625 0.0703125 0.6950589968750001
4 0.1337890625 0.6858407078125001 0.119140625 0.72087020625 0.1201171875 0.7337758109375 0.12890625 0.731932153125 0.1630859375 0.7300884953125 0.1640625 0.6913716812499999 0.1572265625 0.6821533921875 0.1337890625 0.6858407078125001
4 0 0.61762536875 0.0009765625 0.6415929203124999 0.0185546875 0.6305309734375 0.0244140625 0.6415929203124999 0.0302734375 0.6231563421875 0.052734375 0.6397492625 0.056640625 0.5918141593749999 0.0458984375 0.5752212390625 0.0166015625 0.5825958703125 0 0.61762536875
4 0.025390625 0.518067846875 0.03515625 0.5365044250000001 0.0341796875 0.5530973453125 0.0517578125 0.5420353984374999 0.056640625 0.5586283187500001 0.0625 0.54387905625 0.0595703125 0.5088495578125001 0.0400390625 0.5051622421874999 0.025390625 0.518067846875
4 0.8076171875 0.5715339234375 0.8359375 0.569690265625 0.8232421875 0.5494100296875 0.8076171875 0.5420353984374999 0.802734375 0.5512536875 0.8076171875 0.5715339234375
4 0.70703125 0.5586283187500001 0.7099609375 0.5715339234375 0.71875 0.569690265625 0.7392578125 0.5678466078125 0.74609375 0.54387905625 0.7216796875 0.5420353984374999 0.70703125 0.5586283187500001