4 0.4984375 0.41784037500000004 0.5203125 0.410798121875 0.53125 0.49530516406249997 0.553125 0.5305164312499999 0.55 0.6173708921875 0.55625 0.622065728125 0.5609375 0.6150234734375 0.5640625 0.525821596875 0.578125 0.5375586859375 0.5875 0.5211267609375 0.6578125 0.556338028125 0.68125 0.59859155 0.6890625 0.6384976531250001 0.70625 0.6431924875 0.7265625 0.5751173703125 0.7265625 0.5281690140624999 0.715625 0.490610328125 0.7125 0.45070422499999996 0.6546875 0.40610328593749995 0.553125 0.39436619687499996 0.5421875 0.3521126765625 0.5171875 0.345070421875 0.4890625 0.38732394375 0.4859375 0.410798121875 0.4984375 0.41784037500000004
4 0.2625 0.4483568078125 0.2640625 0.476525821875 0.2703125 0.5046948359375001 0.2859375 0.5234741781250001 0.2890625 0.586854459375 0.303125 0.582159625 0.3078125 0.622065728125 0.3125 0.622065728125 0.3171875 0.5680751171875 0.35 0.5751173703125 0.35625 0.6384976531250001 0.365625 0.64553990625 0.3578125 0.443661971875 0.3359375 0.380281690625 0.3125 0.37558685468749997 0.2953125 0.38262910781250004 0.271875 0.410798121875 0.2625 0.4483568078125
4 0.0734375 0.636150234375 0.0484375 0.6572769953125001 0.0265625 0.6971830984375 0.015625 0.7370892015625 0.0203125 0.7863849765625 0.046875 0.8098591546874999 0.0984375 0.8286384968749999 0.175 0.8145539906250001 0.18125 0.8004694828125001 0.1828125 0.6830985921875 0.2140625 0.67840375625 0.2328125 0.685446009375 0.240625 0.6737089203125 0.2390625 0.652582159375 0.2078125 0.59624413125 0.1796875 0.586854459375 0.146875 0.603286384375 0.125 0.6408450703125 0.0734375 0.636150234375
4 0.2375 0.6737089203125 0.2140625 0.6901408453125 0.2109375 0.7183098593749999 0.2125 0.7488262906250001 0.228125 0.7723004687499999 0.2765625 0.8122065734374999 0.2921875 0.8122065734374999 0.3 0.7957746484375 0.303125 0.7605633796875 0.3609375 0.767605634375 0.3921875 0.7582159625 0.3875 0.6971830984375 0.365625 0.6478873234375 0.33125 0.6267605640625 0.2921875 0.6244131453125 0.2484375 0.6314553984375 0.2328125 0.6431924875 0.2375 0.6737089203125
4 0.0828125 0.5915492953125 0.0890625 0.6244131453125 0.096875 0.6338028171875 0.128125 0.6384976531250001 0.146875 0.603286384375 0.1703125 0.5915492953125 0.240625 0.586854459375 0.234375 0.5774647890625 0.1921875 0.56338028125 0.1703125 0.5211267609375 0.1109375 0.5 0.0953125 0.525821596875 0.1015625 0.5657277 0.0828125 0.5915492953125
4 0.421875 0.53286385 0.403125 0.5680751171875 0.40625 0.586854459375 0.4390625 0.61267605625 0.4796875 0.6079812203125 0.51875 0.6150234734375 0.525 0.6079812203125 0.5265625 0.5774647890625 0.515625 0.5352112671875 0.515625 0.49530516406249997 0.5265625 0.45070422499999996 0.51875 0.42018779375 0.5046875 0.413145540625 0.484375 0.45070422499999996 0.4265625 0.5023474171875 0.421875 0.53286385
4 0.1015625 0.380281690625 0.115625 0.38732394375 0.121875 0.410798121875 0.128125 0.39436619687499996 0.1390625 0.41549295781250006 0.159375 0.42018779375 0.1640625 0.361502346875 0.1734375 0.3427230046875 0.1828125 0.3497652578125 0.1875 0.37558685468749997 0.234375 0.377934271875 0.265625 0.40140845 0.265625 0.3685446015625 0.221875 0.3075117375 0.140625 0.2746478875 0.1140625 0.2957746484375 0.1046875 0.35446009375 0.1015625 0.380281690625
4 0.759375 0.6830985921875 0.81875 0.6877934265625 0.8765625 0.7253521125 0.9 0.7206572765625 0.909375 0.6995305171874999 0.9375 0.715962440625 0.9390625 0.6502347421875 0.925 0.622065728125 0.8875 0.6009389671875 0.8078125 0.582159625 0.7609375 0.62910798125 0.7546875 0.6502347421875 0.759375 0.6830985921875
4 0.8671875 0.5845070421874999 0.8734375 0.59859155 0.940625 0.6338028171875 0.975 0.5751173703125 0.9828125 0.516431925 0.9796875 0.4553990609375 0.96875 0.41784037500000004 0.940625 0.38732394375 0.9671875 0.3920187796875 0.9859375 0.42253521093749996 0.9921875 0.41784037500000004 0.9921875 0.40140845 0.9765625 0.380281690625 0.921875 0.37323943593750003 0.878125 0.4084507046875 0.8671875 0.4718309859375 0.8671875 0.5845070421874999
4 0.7171875 0.5187793421875 0.7328125 0.582159625 0.7484375 0.5751173703125 0.76875 0.6103286390625 0.778125 0.6103286390625 0.8140625 0.57981220625 0.8171875 0.5281690140624999 0.7859375 0.43192488281249997 0.775 0.41549295781250006 0.7453125 0.4084507046875 0.7265625 0.41549295781250006 0.7140625 0.4389671359375 0.7171875 0.5187793421875
4 0.359375 0.42957746406249997 0.425 0.45070422499999996 0.4296875 0.3427230046875 0.4203125 0.3169014078125 0.39375 0.30516431875 0.375 0.3169014078125 0.365625 0.3356807515625 0.359375 0.42957746406249997
4 0.2765625 0.40140845 0.303125 0.377934271875 0.3625 0.3685446015625 0.365625 0.34037558749999997 0.3421875 0.3075117375 0.3015625 0.284037559375 0.2828125 0.2910798125 0.2765625 0.30985915468749997 0.2765625 0.40140845
4 0.4234375 0.43661971875 0.43125 0.45774647812499997 0.4796875 0.45774647812499997 0.4984375 0.42253521093749996 0.4890625 0.39436619687499996 0.503125 0.3661971828125 0.503125 0.3497652578125 0.49375 0.3239436625 0.4625 0.2957746484375 0.440625 0.314553990625 0.4296875 0.33802816875 0.4234375 0.43661971875