4 0.2890625 0.8964201875000001 0.27734375 0.8377347421874999 0.2998046875 0.8274647890625 0.322265625 0.790786384375 0.322265625 0.770246478125 0.2939453125 0.7570422531250001 0.2666015625 0.730633803125 0.2060546875 0.715962440625 0.1669921875 0.71302816875 0.1396484375 0.733568075 0.125 0.7878521125 0.12109375 0.8700117374999999 0.1494140625 0.84213615 0.15625 0.8817488265625 0.1689453125 0.8920187796875 0.1640625 0.8758802812500001 0.1689453125 0.839201878125 0.2353515625 0.839201878125 0.234375 0.899354459375 0.240234375 0.899354459375 0.2509765625 0.84213615 0.2705078125 0.8538732390625 0.28125 0.8964201875000001 0.2890625 0.8964201875000001
4 0.095703125 0.7878521125 0.0458984375 0.7453051640624999 0.0009765625 0.730633803125 0 0.8846830984375 0.005859375 0.8846830984375 0.0439453125 0.8714788734375001 0.1103515625 0.8773474171875 0.111328125 0.8553403749999999 0.095703125 0.7878521125
4 0.1396484375 0.7188967140625 0.1083984375 0.7042253515625 0.0322265625 0.6983568078125 0.0078125 0.72036385 0.0087890625 0.730633803125 0.0517578125 0.7482394359375 0.0947265625 0.7834507046875 0.1171875 0.8641431921875 0.123046875 0.84947183125 0.130859375 0.7497065734375 0.142578125 0.7291666671875 0.1396484375 0.7188967140625
4 0.1181640625 0.6660798125 0.0791015625 0.669014084375 0.0546875 0.6939553984375 0.0927734375 0.707159625 0.1240234375 0.707159625 0.1484375 0.723298121875 0.1826171875 0.71302816875 0.18359375 0.7056924875 0.1669921875 0.6807511734375 0.1181640625 0.6660798125
4 0.2626953125 0.6367370890624999 0.2314453125 0.6367370890624999 0.2119140625 0.64553990625 0.19140625 0.6822183093749999 0.1923828125 0.71302816875 0.2685546875 0.730633803125 0.2958984375 0.7570422531250001 0.318359375 0.7614436625 0.322265625 0.6910211265624999 0.302734375 0.6734154921875 0.2978515625 0.65140845 0.2626953125 0.6367370890624999
4 0.525390625 0.7731807515625 0.5146484375 0.7570422531250001 0.4716796875 0.733568075 0.4560546875 0.733568075 0.462890625 0.7937206578125 0.47265625 0.805457746875 0.470703125 0.8700117374999999 0.4921875 0.8788145546875 0.5126953125 0.86267605625 0.5361328125 0.8656103281249999 0.546875 0.8436032859375 0.525390625 0.7731807515625
4 0.6025390625 0.8714788734375001 0.619140625 0.8641431921875 0.611328125 0.828931925 0.578125 0.7526408453125 0.5205078125 0.7188967140625 0.4736328125 0.7276995312500001 0.4716796875 0.7365023468749999 0.5126953125 0.75410798125 0.525390625 0.7731807515625 0.55859375 0.8758802812500001 0.5634765625 0.8597417843749999 0.5791015625 0.8744131453125 0.5908203125 0.8597417843749999 0.6025390625 0.8714788734375001
4 0.6435546875 0.7365023468749999 0.642578125 0.7115610328125 0.5947265625 0.6602112671875 0.5693359375 0.6484741781250001 0.5126953125 0.642605634375 0.4921875 0.661678403125 0.4892578125 0.7188967140625 0.5244140625 0.7188967140625 0.5654296875 0.7394366203125 0.5859375 0.7614436625 0.5986328125 0.7423708921875 0.6279296875 0.7482394359375 0.6396484375 0.730633803125 0.6435546875 0.7365023468749999
4 0.7001953125 0.6308685453125 0.6728515625 0.6161971828125 0.6455078125 0.6161971828125 0.630859375 0.638204225 0.6328125 0.696889671875 0.64453125 0.7115610328125 0.6474609375 0.7453051640624999 0.6591796875 0.7570422531250001 0.6650390625 0.730633803125 0.671875 0.74090375625 0.671875 0.7585093890625 0.68359375 0.7585093890625 0.7001953125 0.7276995312500001 0.7373046875 0.7511737093749999 0.744140625 0.7086267609375 0.7001953125 0.6308685453125
4 0.958984375 0.805457746875 0.9384765625 0.7863849765625 0.8779296875 0.7746478875 0.8310546875 0.777582159375 0.794921875 0.805457746875 0.787109375 0.8436032859375 0.7900390625 0.8568075125 0.8251953125 0.8685446015625 0.8671875 0.8670774640625 0.8837890625 0.8656103281249999 0.892578125 0.831866196875 0.9130859375 0.8098591546874999 0.958984375 0.805457746875
4 1 0.8171948359375 0.9697265625 0.8098591546874999 0.9130859375 0.8098591546874999 0.88671875 0.846537559375 0.8896484375 0.8656103281249999 0.9580078125 0.8597417843749999 1 0.8670774640625 1 0.8171948359375
4 0.8837890625 0.7012910796875 0.9130859375 0.710093896875 0.919921875 0.723298121875 0.923828125 0.764377934375 0.9287109375 0.7658450703125 0.947265625 0.7467723 0.94140625 0.7086267609375 0.9150390625 0.6719483562499999 0.8974609375 0.6602112671875 0.8408203125 0.6602112671875 0.828125 0.6734154921875 0.822265625 0.6939553984375 0.828125 0.770246478125 0.8359375 0.7761150234375 0.8525390625 0.7746478875 0.859375 0.764377934375 0.869140625 0.717429578125 0.8837890625 0.7012910796875