4 0.162109375 0.784917840625 0.1611328125 0.8509389671875001 0.1748046875 0.8333333328125001 0.2041015625 0.839201878125 0.2080078125 0.8509389671875001 0.2236328125 0.8362676062500001 0.2333984375 0.8509389671875001 0.244140625 0.852406103125 0.24609375 0.831866196875 0.2158203125 0.7893192484375 0.1865234375 0.777582159375 0.162109375 0.784917840625
4 0.1591796875 0.7805164312499999 0.1240234375 0.7746478875 0.11328125 0.7878521125 0.11328125 0.846537559375 0.12109375 0.84947183125 0.1259765625 0.8333333328125001 0.1396484375 0.839201878125 0.15625 0.831866196875 0.1591796875 0.7805164312499999
4 0.103515625 0.7937206578125 0.0966796875 0.777582159375 0.0810546875 0.7746478875 0.06640625 0.7937206578125 0.060546875 0.8259976531250001 0.048828125 0.8406690140625 0.0537109375 0.8480046953124999 0.0771484375 0.8480046953124999 0.0810546875 0.839201878125 0.087890625 0.852406103125 0.0908203125 0.8362676062500001 0.0966796875 0.8509389671875001 0.1015625 0.8436032859375 0.103515625 0.7937206578125
4 0.474609375 0.8025234734375 0.4755859375 0.8597417843749999 0.4814453125 0.8480046953124999 0.4853515625 0.86267605625 0.4951171875 0.8509389671875001 0.5009765625 0.86267605625 0.5048828125 0.8509389671875001 0.52734375 0.8612089203125001 0.52734375 0.84947183125 0.5048828125 0.8069248828125 0.4833984375 0.79518779375 0.474609375 0.8025234734375
4 0.564453125 0.8113262906250001 0.5625 0.8436032859375 0.5732421875 0.86267605625 0.5810546875 0.8538732390625 0.58984375 0.8612089203125001 0.59765625 0.80839201875 0.5869140625 0.7893192484375 0.5791015625 0.7893192484375 0.564453125 0.8113262906250001
4 0.59765625 0.8142605640625 0.6044921875 0.8069248828125 0.6142578125 0.8245305171874999 0.625 0.8230633796875001 0.630859375 0.784917840625 0.6103515625 0.7658450703125 0.6015625 0.7790492953125 0.59765625 0.8142605640625
4 0.7919921875 0.8920187796875 0.7353515625 0.8685446015625 0.7158203125 0.8714788734375001 0.703125 0.8934859156250001 0.708984375 0.914025821875 0.708984375 0.9815140843749999 0.71484375 0.9873826296875 0.7197265625 0.9595070421875 0.728515625 0.9932511734375 0.736328125 0.9932511734375 0.7353515625 0.9683098593749999 0.7861328125 0.9624413140625 0.818359375 0.940434271875 0.7919921875 0.8920187796875
4 0.775390625 0.8230633796875001 0.7841796875 0.8362676062500001 0.7998046875 0.8245305171874999 0.8017578125 0.839201878125 0.814453125 0.8377347421874999 0.818359375 0.784917840625 0.8017578125 0.7746478875 0.787109375 0.790786384375 0.775390625 0.8230633796875001
4 0.7001953125 0.8303990609375 0.69140625 0.84947183125 0.7119140625 0.86267605625 0.767578125 0.8641431921875 0.7548828125 0.8450704218749999 0.7197265625 0.84213615 0.7099609375 0.8303990609375 0.7001953125 0.8303990609375
4 0.1474609375 0.8773474171875 0.130859375 0.9022887328125 0.1357421875 0.9154929578125 0.1494140625 0.9125586859375 0.1669921875 0.927230046875 0.236328125 0.9286971828125001 0.25390625 0.919894365625 0.2412109375 0.8949530515624999 0.1728515625 0.8949530515624999 0.1474609375 0.8773474171875
4 0.2763671875 0.7834507046875 0.33203125 0.7819835687500001 0.3193359375 0.7365023468749999 0.2919921875 0.7453051640624999 0.271484375 0.7761150234375 0.2763671875 0.7834507046875
4 0.34765625 0.770246478125 0.3505859375 0.7805164312499999 0.357421875 0.7790492953125 0.3955078125 0.7746478875 0.392578125 0.7379694828125001 0.3662109375 0.7394366203125 0.34765625 0.770246478125
4 0.396484375 0.7585093890625 0.3974609375 0.7658450703125 0.4296875 0.764377934375 0.43359375 0.7379694828125001 0.4287109375 0.730633803125 0.4052734375 0.7365023468749999 0.396484375 0.7585093890625
4 0.4482421875 0.7423708921875 0.427734375 0.76731220625 0.4306640625 0.7863849765625 0.4404296875 0.777582159375 0.4541015625 0.777582159375 0.4580078125 0.7863849765625 0.4619140625 0.777582159375 0.4775390625 0.777582159375 0.482421875 0.784917840625 0.494140625 0.76731220625 0.494140625 0.7467723 0.4833984375 0.7365023468749999 0.4482421875 0.7423708921875
4 0.513671875 0.7790492953125 0.5185546875 0.7863849765625 0.5478515625 0.7805164312499999 0.5576171875 0.7893192484375 0.5634765625 0.777582159375 0.5703125 0.7878521125 0.5703125 0.7497065734375 0.5595703125 0.7365023468749999 0.5322265625 0.7453051640624999 0.513671875 0.7790492953125
4 0.892578125 0.8025234734375 0.8896484375 0.792253521875 0.8740234375 0.7893192484375 0.8525390625 0.8010563375 0.83203125 0.84947183125 0.8466796875 0.8568075125 0.8525390625 0.8450704218749999 0.8564453125 0.8568075125 0.86328125 0.8553403749999999 0.8701171875 0.839201878125 0.884765625 0.8377347421874999 0.884765625 0.8142605640625 0.892578125 0.8025234734375
4 0.8974609375 0.79518779375 0.884765625 0.8142605640625 0.8828125 0.8553403749999999 0.8896484375 0.8714788734375001 0.896484375 0.8700117374999999 0.91015625 0.8670774640625 0.919921875 0.8201291078124999 0.9072265625 0.79518779375 0.8974609375 0.79518779375
4 0.9482421875 0.818661971875 0.9306640625 0.82159624375 0.923828125 0.84947183125 0.9296875 0.9022887328125 0.9365234375 0.8832159624999999 0.9501953125 0.9066901406250001 0.962890625 0.9052230046874999 0.970703125 0.9022887328125 0.974609375 0.8788145546875 0.970703125 0.8436032859375 0.9482421875 0.818661971875
4 0.962890625 0.80839201875 0.9482421875 0.79518779375 0.9267578125 0.8069248828125 0.91796875 0.831866196875 0.923828125 0.852406103125 0.9306640625 0.82159624375 0.9462890625 0.818661971875 0.9638671875 0.8303990609375 0.962890625 0.80839201875
4 0.171875 0.743838028125 0.177734375 0.7731807515625 0.185546875 0.7761150234375 0.201171875 0.7379694828125001 0.1669921875 0.7276995312500001 0.1640625 0.7379694828125001 0.171875 0.743838028125
4 0.2099609375 0.7365023468749999 0.1953125 0.7467723 0.193359375 0.7731807515625 0.21484375 0.784917840625 0.2255859375 0.7746478875 0.240234375 0.7819835687500001 0.2373046875 0.7394366203125 0.2099609375 0.7365023468749999
4 0.1357421875 0.7276995312500001 0.1240234375 0.7365023468749999 0.10546875 0.7761150234375 0.11328125 0.784917840625 0.1240234375 0.7746478875 0.1572265625 0.7805164312499999 0.162109375 0.7350352109375 0.1357421875 0.7276995312500001
4 0.048828125 0.764377934375 0.0498046875 0.771713615625 0.0654296875 0.7658450703125 0.0693359375 0.7746478875 0.1015625 0.7731807515625 0.10546875 0.7379694828125001 0.0869140625 0.7276995312500001 0.0634765625 0.7365023468749999 0.048828125 0.764377934375
4 0.12109375 0.7115610328125 0.12890625 0.7262323937499999 0.1494140625 0.7247652578125 0.162109375 0.7086267609375 0.1220703125 0.6954225359375 0.12109375 0.7115610328125
4 0.6083984375 0.8920187796875 0.5673828125 0.8744131453125 0.5458984375 0.8744131453125 0.533203125 0.8876173703125 0.52734375 0.9081572765624999 0.5400390625 0.950704225 0.5888671875 0.9565727703125001 0.6015625 0.975645540625 0.6064453125 0.9624413140625 0.6201171875 0.9653755875 0.638671875 0.9521713609375 0.6083984375 0.8920187796875
4 0.46875 0.9228286390625 0.4736328125 0.9330985921874999 0.4921875 0.9316314546875001 0.5244140625 0.927230046875 0.533203125 0.8846830984375 0.4970703125 0.8920187796875 0.46875 0.9228286390625