4 0.4453125 0.6294014078125 0.4453125 0.7056924875 0.4638671875 0.71302816875 0.478515625 0.69982394375 0.482421875 0.5795187796875 0.490234375 0.5560446015625 0.4921875 0.506161971875 0.4755859375 0.4665492953125 0.4541015625 0.451877934375 0.4052734375 0.44894366249999995 0.3271484375 0.4812206578125 0.306640625 0.5032277 0.2578125 0.588321596875 0.24609375 0.6205985921875 0.24609375 0.6440727703125 0.2724609375 0.6924882625000001 0.2841796875 0.6924882625000001 0.291015625 0.6822183093749999 0.3046875 0.6264671359375 0.3193359375 0.6191314546875 0.341796875 0.6294014078125 0.345703125 0.7086267609375 0.35546875 0.7144953046875 0.357421875 0.65874413125 0.3701171875 0.6103286390625 0.4365234375 0.60446009375 0.4453125 0.6294014078125
4 0.51953125 0.4504107984375 0.5068359375 0.43427230000000006 0.4775390625 0.43427230000000006 0.4609375 0.4504107984375 0.48828125 0.485622065625 0.4921875 0.5032277 0.4921875 0.5472417843749999 0.484375 0.5765845078125 0.484375 0.6029929578125001 0.490234375 0.6059272296875 0.49609375 0.5853873234375 0.52734375 0.5413732390625 0.52734375 0.47975352187500003 0.51953125 0.4504107984375
4 0.6064453125 0.46068075156250005 0.5595703125 0.45481220625 0.52734375 0.4914906109375 0.52734375 0.5443075125 0.544921875 0.55017605625 0.5830078125 0.49589201875000005 0.6103515625 0.5017605640625 0.640625 0.48855633750000005 0.6064453125 0.46068075156250005
4 0.6767578125 0.7247652578125 0.677734375 0.6528755875 0.7001953125 0.65140845 0.712890625 0.7291666671875 0.712890625 0.6323356812500001 0.703125 0.59125586875 0.701171875 0.5355046953125 0.6904296875 0.5076291078125 0.6591796875 0.4900234734375 0.6123046875 0.5046948359375001 0.5830078125 0.5017605640625 0.560546875 0.5237676062500001 0.5537109375 0.5487089203125 0.5166015625 0.5575117374999999 0.494140625 0.5941901406250001 0.486328125 0.6440727703125 0.4951171875 0.6572769953125001 0.5283203125 0.627934271875 0.5478515625 0.6396713609375 0.5791015625 0.642605634375 0.5927734375 0.730633803125 0.6015625 0.7262323937499999 0.6015625 0.676349765625 0.609375 0.6734154921875 0.6142578125 0.64553990625 0.6240234375 0.64553990625 0.626953125 0.676349765625 0.619140625 0.7350352109375 0.626953125 0.7379694828125001 0.63671875 0.6558098593749999 0.6455078125 0.64553990625 0.666015625 0.6499413140625 0.6767578125 0.7247652578125
4 0.671875 0.38292253593750003 0.6748046875 0.3961267609375 0.6904296875 0.38732394375 0.6923828125 0.3990610328125 0.6982421875 0.384389671875 0.7060546875 0.3990610328125 0.7119140625 0.3814553984375 0.716796875 0.397593896875 0.720703125 0.3447769953125 0.7080078125 0.3345070421875 0.6943359375 0.34037558749999997 0.671875 0.38292253593750003
4 0.75390625 0.3447769953125 0.7763671875 0.37852112656250003 0.7822265625 0.3667840375 0.798828125 0.377053990625 0.8046875 0.3535798125 0.7998046875 0.3345070421875 0.755859375 0.33597417812499997 0.75390625 0.3447769953125
4 1 0.35064554062500003 0.9951171875 0.34624413125000003 0.9736328125 0.343309859375 0.958984375 0.35944835625 0.9609375 0.42400234687499994 0.96484375 0.4269366203125 0.9677734375 0.4019953046875 0.970703125 0.42400234687499994 0.9765625 0.4269366203125 0.9775390625 0.3990610328125 1 0.39465962499999996 1 0.35064554062500003
4 0.638671875 0.356514084375 0.6494140625 0.3726525828125 0.673828125 0.3711854453125 0.6728515625 0.34037558749999997 0.6474609375 0.3374413140625 0.638671875 0.3447769953125 0.638671875 0.356514084375
4 0.5859375 0.37411971875 0.5830078125 0.3579812203125 0.5546875 0.35944835625 0.5634765625 0.37558685468749997 0.5859375 0.37411971875
4 0.447265625 0.37411971875 0.4501953125 0.3931924875 0.4619140625 0.37558685468749997 0.4736328125 0.39025821562499996 0.474609375 0.37411971875 0.4873046875 0.3667840375 0.4931640625 0.38732394375 0.4990234375 0.37852112656250003 0.505859375 0.3917253515625 0.505859375 0.33890845 0.4970703125 0.325704225 0.4638671875 0.3345070421875 0.447265625 0.37411971875
4 0.435546875 0.377053990625 0.4248046875 0.3521126765625 0.404296875 0.35944835625 0.4052734375 0.37852112656250003 0.435546875 0.377053990625
4 0.3203125 0.3535798125 0.3203125 0.37411971875 0.328125 0.3799882625 0.3388671875 0.37852112656250003 0.34375 0.36825117343749997 0.3369140625 0.343309859375 0.3203125 0.3535798125
4 0.26171875 0.33597417812499997 0.26171875 0.3623826296875 0.267578125 0.3917253515625 0.28125 0.39465962499999996 0.291015625 0.3418427234375 0.2841796875 0.325704225 0.2705078125 0.322769953125 0.26171875 0.33597417812499997
4 0.142578125 0.38292253593750003 0.142578125 0.35944835625 0.1298828125 0.3550469484375 0.123046875 0.377053990625 0.142578125 0.38292253593750003
4 0.0947265625 0.3550469484375 0.08984375 0.3653169015625 0.0947265625 0.384389671875 0.140625 0.38292253593750003 0.14453125 0.3653169015625 0.1376953125 0.3550469484375 0.1240234375 0.36384976562500004 0.0947265625 0.3550469484375