4 0.6630859375 0.8557242984375 0.6806640625 0.8557242984375 0.7353515625 0.8907710281250001 0.7451171875 0.8936915890625 0.75390625 0.8834696265625 0.755859375 0.868866821875 0.744140625 0.83382009375 0.7197265625 0.7914719625 0.7021484375 0.785630840625 0.6904296875 0.7943925234375 0.6376953125 0.797313084375 0.5849609375 0.765186915625 0.5419921875 0.75934579375 0.4794921875 0.7301401875 0.4521484375 0.7330607484375 0.427734375 0.760806075 0.419921875 0.801693925 0.423828125 0.85426401875 0.412109375 0.8805490656250001 0.4140625 0.9477219625 0.4208984375 0.9637850468750001 0.42578125 0.95940420625 0.42578125 0.89515186875 0.4404296875 0.8732476640625 0.4560546875 0.86448598125 0.4599609375 0.8790887843749999 0.466796875 0.868866821875 0.466796875 0.8980724296875 0.4912109375 0.9462616828125 0.498046875 0.9448014015625 0.49609375 0.9331191593750001 0.474609375 0.8893107484374999 0.4755859375 0.8790887843749999 0.546875 0.9068341125 0.541015625 0.9331191593750001 0.51953125 0.95940420625 0.5205078125 0.9813084109375 0.5673828125 0.9141355140625 0.595703125 0.9740070093750001 0.599609375 0.9973714953125 0.609375 0.9973714953125 0.59375 0.9185163546874999 0.6044921875 0.9112149531249999 0.6220703125 0.876168225 0.6630859375 0.8557242984375
4 0.1884765625 0.9112149531249999 0.19921875 0.9039135515625001 0.197265625 0.8367406546874999 0.173828125 0.8046144859375 0.16796875 0.7462032703125 0.15625 0.7111565421875 0.1318359375 0.6804906546875 0.1044921875 0.67757009375 0.0859375 0.702394859375 0.0859375 0.7637266359375 0.09765625 0.7929322437499999 0.109375 0.8571845796875 0.115234375 0.85426401875 0.1064453125 0.80315420625 0.1181640625 0.8060747656249999 0.126953125 0.8221378500000001 0.140625 0.8571845796875 0.13671875 0.868866821875 0.146484375 0.8776285046875 0.150390625 0.91559579375 0.15625 0.9185163546874999 0.16015625 0.9097546734374999 0.15234375 0.87470794375 0.1552734375 0.8615654203125 0.1884765625 0.9112149531249999
4 0.2490234375 0.6658878500000001 0.2587890625 0.6892523359375 0.271484375 0.6848714953124999 0.267578125 0.649824765625 0.251953125 0.6323014015624999 0.2333984375 0.5899532703125 0.1865234375 0.57242990625 0.1689453125 0.578271028125 0.162109375 0.5914135515625001 0.162109375 0.64690420625 0.169921875 0.6702686921875001 0.173828125 0.6731892515625 0.169921875 0.6439836453125001 0.1767578125 0.6337616828125 0.1845703125 0.67757009375 0.185546875 0.641063084375 0.2041015625 0.6425233640625 0.21484375 0.6907126171875 0.2158203125 0.645443925 0.2333984375 0.645443925 0.2490234375 0.6892523359375 0.2490234375 0.6658878500000001
4 0.3916015625 0.5870327109375 0.37109375 0.608936915625 0.3662109375 0.7067757015625 0.3740234375 0.6804906546875 0.380859375 0.70823598125 0.38671875 0.7111565421875 0.3828125 0.6790303734375 0.3955078125 0.65712616875 0.4130859375 0.671728971875 0.4423828125 0.671728971875 0.4462890625 0.7096962609374999 0.44921875 0.6790303734375 0.4638671875 0.6804906546875 0.470703125 0.722838784375 0.48046875 0.7257593453125 0.498046875 0.68779205625 0.484375 0.6761098125 0.4541015625 0.6016355140625 0.3916015625 0.5870327109375
4 0.2236328125 0.546144859375 0.2373046875 0.566588784375 0.24609375 0.56220794375 0.2314453125 0.5169392515625 0.2021484375 0.5081775703125 0.193359375 0.52132009375 0.203125 0.568049065625 0.2041015625 0.546144859375 0.2158203125 0.546144859375 0.2197265625 0.563668225 0.2236328125 0.546144859375
4 0.05078125 0.5330023359375 0.0556640625 0.55198598125 0.0615234375 0.537383178125 0.0751953125 0.537383178125 0.0791015625 0.5490654203124999 0.0869140625 0.5403037390625001 0.09765625 0.5534462609374999 0.1015625 0.54176401875 0.0830078125 0.51109813125 0.0546875 0.5096378500000001 0.05078125 0.5330023359375
4 0.513671875 0.530081775 0.5166015625 0.59287383125 0.521484375 0.5943341125 0.5224609375 0.57242990625 0.5361328125 0.5957943921875 0.53125 0.568049065625 0.5517578125 0.566588784375 0.55078125 0.5972546734375 0.5595703125 0.57242990625 0.5693359375 0.598714953125 0.56640625 0.568049065625 0.5732421875 0.566588784375 0.587890625 0.5972546734375 0.595703125 0.5738901875 0.5673828125 0.525700934375 0.5244140625 0.5169392515625 0.513671875 0.530081775
4 0.603515625 0.547605140625 0.59375 0.5855724296875 0.5947265625 0.6162383171875 0.6044921875 0.59287383125 0.6142578125 0.6220794390625 0.611328125 0.600175234375 0.6220703125 0.5811915890625 0.6484375 0.5914135515625001 0.650390625 0.6060163546874999 0.6416015625 0.6162383171875 0.65625 0.6060163546874999 0.6552734375 0.5899532703125 0.6669921875 0.5870327109375 0.673828125 0.620619159375 0.6796875 0.6235397203125 0.6875 0.5943341125 0.6611328125 0.5432242984375 0.6201171875 0.5344626171875 0.603515625 0.547605140625
4 0.7705078125 0.59287383125 0.771484375 0.58265186875 0.7431640625 0.5344626171875 0.6962890625 0.5227803734375 0.6875 0.588492990625 0.6904296875 0.59287383125 0.6962890625 0.5753504671874999 0.7021484375 0.59287383125 0.7060546875 0.5695093453125 0.7216796875 0.5695093453125 0.73046875 0.5972546734375 0.7333984375 0.578271028125 0.7509765625 0.59287383125 0.7626953125 0.578271028125 0.7705078125 0.59287383125
4 0.9599609375 0.5140186921875001 0.9248046875 0.505257009375 0.8974609375 0.51109813125 0.876953125 0.5797313078124999 0.8857421875 0.5753504671874999 0.8876953125 0.5957943921875 0.8935546875 0.5811915890625 0.8984375 0.588492990625 0.9091796875 0.5549065421875 0.9228515625 0.563668225 0.9384765625 0.5607476640625 0.94140625 0.5768107484375 0.935546875 0.5943341125 0.94140625 0.5972546734375 0.947265625 0.5651285046875001 0.9619140625 0.5695093453125 0.978515625 0.535922896875 0.9599609375 0.5140186921875001
4 0.9814453125 0.5432242984375 0.96484375 0.5651285046875001 0.96484375 0.58265186875 0.97265625 0.5855724296875 0.962890625 0.608936915625 0.96484375 0.6527453265625 0.9736328125 0.6483644859375 0.982421875 0.661507009375 0.98046875 0.6264602796875 1 0.60309579375 0.9990234375 0.5403037390625001 0.9814453125 0.5432242984375
4 0.7275390625 0.464369159375 0.7294921875 0.4760514015625 0.7373046875 0.47021027968749995 0.7392578125 0.4789719625 0.74609375 0.4775116828125 0.7353515625 0.44100467343750005 0.708984375 0.442464953125 0.7099609375 0.4760514015625 0.7275390625 0.464369159375
4 0.6806640625 0.46728972031250005 0.6845703125 0.4789719625 0.6904296875 0.464369159375 0.69921875 0.4775116828125 0.697265625 0.4512266359375 0.6806640625 0.4380841125 0.673828125 0.47459112187499997 0.6806640625 0.46728972031250005
4 0.626953125 0.47167056093750004 0.630859375 0.442464953125 0.6123046875 0.43516355156250003 0.611328125 0.4599883171875 0.626953125 0.47167056093750004
4 0.486328125 0.4862733640625 0.4736328125 0.4614485984375 0.4501953125 0.4614485984375 0.4453125 0.47459112187499997 0.44921875 0.49795560781250003 0.455078125 0.49795560781250003 0.4580078125 0.48189252343750005 0.46484375 0.483352803125 0.466796875 0.49795560781250003 0.4697265625 0.484813084375 0.4775390625 0.484813084375 0.4814453125 0.49649532656249995 0.486328125 0.4862733640625
4 0.328125 0.495035046875 0.326171875 0.5242406546875 0.3310546875 0.537383178125 0.3447265625 0.5227803734375 0.3486328125 0.5403037390625001 0.3525390625 0.5286214953124999 0.3583984375 0.537383178125 0.3603515625 0.525700934375 0.373046875 0.5388434578125 0.373046875 0.527161215625 0.3564453125 0.49649532656249995 0.3388671875 0.4877336453125 0.328125 0.495035046875
4 0.380859375 0.50087616875 0.3828125 0.5183995328125001 0.40625 0.5388434578125 0.41015625 0.530081775 0.400390625 0.49211448593749996 0.3876953125 0.484813084375 0.380859375 0.50087616875