4 0.580078125 0.9110915500000001 0.564453125 0.899354459375 0.5673828125 0.8509389671875001 0.5888671875 0.8920187796875 0.599609375 0.8876173703125 0.580078125 0.8436032859375 0.583984375 0.8113262906250001 0.5673828125 0.8010563375 0.5537109375 0.771713615625 0.5400390625 0.7629107984375 0.4873046875 0.7687793421875 0.4443359375 0.798122065625 0.416015625 0.8436032859375 0.416015625 0.852406103125 0.43359375 0.8729460093749999 0.4033203125 0.8861502343750001 0.396484375 0.8964201875000001 0.3994140625 0.9125586859375 0.3759765625 0.9125586859375 0.3642578125 0.900821596875 0.3271484375 0.9066901406250001 0.2998046875 0.9213615031250001 0.2685546875 0.9595070421875 0.2490234375 0.9653755875 0.220703125 0.9903169015625 0.2353515625 1 0.6015625 0.9991197187499999 0.61328125 0.9961854453125 0.609375 0.9785798124999999 0.5859375 0.9375 0.580078125 0.9110915500000001
4 0.392578125 0.8201291078124999 0.3505859375 0.730633803125 0.2978515625 0.710093896875 0.2724609375 0.715962440625 0.251953125 0.74090375625 0.251953125 0.7731807515625 0.224609375 0.8201291078124999 0.21875 0.8612089203125001 0.2353515625 0.880281690625 0.2705078125 0.8685446015625 0.2841796875 0.880281690625 0.33203125 0.8817488265625 0.3564453125 0.8685446015625 0.3876953125 0.8744131453125 0.396484375 0.8406690140625 0.392578125 0.8201291078124999
4 0 0.8406690140625 0.015625 0.8817488265625 0.009765625 0.9022887328125 0.0126953125 0.9154929578125 0.0302734375 0.90375586875 0.0791015625 0.9096244125 0.1455078125 0.9683098593749999 0.1572265625 0.9976525828125 0.20703125 0.9961854453125 0.220703125 0.9022887328125 0.216796875 0.84947183125 0.2021484375 0.82159624375 0.142578125 0.7937206578125 0.1689453125 0.7746478875 0.1669921875 0.7570422531250001 0.1455078125 0.7453051640624999 0.1240234375 0.7511737093749999 0.1064453125 0.7276995312500001 0.0869140625 0.7218309859375001 0.0244140625 0.7453051640624999 0 0.7790492953125 0 0.8406690140625
4 0.2705078125 0.68661971875 0.2314453125 0.669014084375 0.224609375 0.641138496875 0.2060546875 0.6103286390625 0.1435546875 0.5721830984375 0.1201171875 0.5751173703125 0.064453125 0.6264671359375 0.083984375 0.6734154921875 0.0888671875 0.7218309859375001 0.1083984375 0.7276995312500001 0.1220703125 0.7453051640624999 0.1513671875 0.7423708921875 0.1650390625 0.7511737093749999 0.173828125 0.764377934375 0.1640625 0.790786384375 0.1689453125 0.798122065625 0.220703125 0.831866196875 0.248046875 0.7790492953125 0.25 0.743838028125 0.279296875 0.7086267609375 0.2705078125 0.68661971875
4 0.8076171875 0.6983568078125 0.8564453125 0.6954225359375 0.9013671875 0.710093896875 0.9169921875 0.6983568078125 0.927734375 0.676349765625 0.9169921875 0.663145540625 0.8857421875 0.6572769953125001 0.8349609375 0.622065728125 0.7255859375 0.6338028171875 0.6787109375 0.60446009375 0.6123046875 0.60446009375 0.6103515625 0.6161971828125 0.5888671875 0.586854459375 0.5380859375 0.5575117374999999 0.5068359375 0.5692488265625 0.494140625 0.6000586859375 0.4609375 0.638204225 0.45703125 0.6646126765625 0.4697265625 0.6836854453125001 0.5751953125 0.6836854453125001 0.6201171875 0.710093896875 0.638671875 0.7526408453125 0.654296875 0.76731220625 0.6845703125 0.730633803125 0.7236328125 0.707159625 0.7744140625 0.71302816875 0.8076171875 0.6983568078125
4 0.7685546875 0.5046948359375001 0.7236328125 0.4812206578125 0.6845703125 0.4870892015625 0.6630859375 0.45774647812499997 0.5908203125 0.4636150234375 0.572265625 0.47975352187500003 0.5625 0.5120305171874999 0.5732421875 0.5046948359375001 0.5751953125 0.5134976531250001 0.5810546875 0.5046948359375001 0.583984375 0.532570421875 0.568359375 0.5648474171875 0.5712890625 0.5751173703125 0.6064453125 0.6015258218749999 0.6650390625 0.607394365625 0.6787109375 0.59859155 0.7275390625 0.6308685453125 0.740234375 0.6294014078125 0.7978515625 0.622065728125 0.810546875 0.6000586859375 0.80859375 0.553110328125 0.7685546875 0.5046948359375001
4 0.955078125 0.5589788734375001 0.9453125 0.526701878125 0.9326171875 0.5105633796875 0.8935546875 0.492957746875 0.8408203125 0.5105633796875 0.830078125 0.526701878125 0.8203125 0.5648474171875 0.82421875 0.6059272296875 0.8701171875 0.64553990625 0.92578125 0.65874413125 0.9296875 0.6264671359375 0.9443359375 0.6161971828125 0.955078125 0.588321596875 0.955078125 0.5589788734375001
4 0.6875 0.44160798124999995 0.68359375 0.4122652578125 0.6591796875 0.37852112656250003 0.6005859375 0.369718309375 0.5859375 0.3858568078125 0.58203125 0.41813380312500004 0.560546875 0.46508215937499997 0.560546875 0.47681924843749995 0.568359375 0.48268779375 0.5810546875 0.4636150234375 0.6044921875 0.45774647812499997 0.6806640625 0.46068075156250005 0.6875 0.44160798124999995
4 0.4638671875 0.41373239375 0.4130859375 0.4019953046875 0.3974609375 0.41373239375 0.388671875 0.43573943593750003 0.3876953125 0.498826290625 0.4228515625 0.492957746875 0.486328125 0.5002934265625 0.48046875 0.47681924843749995 0.498046875 0.4474765265625 0.4775390625 0.4372065734375 0.4638671875 0.41373239375
4 0.546875 0.3711854453125 0.5263671875 0.3345070421875 0.4580078125 0.3345070421875 0.44140625 0.3653169015625 0.439453125 0.40052816875 0.4560546875 0.38732394375 0.474609375 0.43280516406249997 0.498046875 0.4504107984375 0.48828125 0.46801643125 0.501953125 0.47975352187500003 0.517578125 0.45921361562499996 0.5244140625 0.431338028125 0.5390625 0.4269366203125 0.546875 0.3711854453125
4 0.4208984375 0.3521126765625 0.4052734375 0.34037558749999997 0.3544921875 0.3345070421875 0.3310546875 0.3667840375 0.310546875 0.3653169015625 0.326171875 0.38292253593750003 0.298828125 0.4269366203125 0.3056640625 0.45774647812499997 0.3388671875 0.43427230000000006 0.3603515625 0.43427230000000006 0.3740234375 0.44307511718750003 0.3828125 0.4621478875 0.3974609375 0.410798121875 0.4296875 0.397593896875 0.431640625 0.377053990625 0.4208984375 0.3521126765625