4 0.357421875 0.6675469484375001 0.37109375 0.7056924875 0.3779296875 0.71302816875 0.38671875 0.7086267609375 0.390625 0.635269953125 0.375 0.5619131453125 0.3505859375 0.49589201875000005 0.3115234375 0.4900234734375 0.3037109375 0.498826290625 0.2802734375 0.498826290625 0.275390625 0.5032277 0.2802734375 0.5134976531250001 0.298828125 0.5237676062500001 0.302734375 0.5589788734375001 0.318359375 0.5707159625 0.330078125 0.69982394375 0.326171875 0.7321009390625 0.33984375 0.7350352109375 0.345703125 0.6323356812500001 0.3505859375 0.625 0.361328125 0.6264671359375 0.357421875 0.6675469484375001
4 0.5390625 0.641138496875 0.576171875 0.5648474171875 0.576171875 0.5178990609375 0.56640625 0.45921361562499996 0.541015625 0.4093309859375 0.53515625 0.3711854453125 0.541015625 0.33303990625 0.5302734375 0.322769953125 0.5146484375 0.3315727703125 0.4970703125 0.31983568125 0.4375 0.3447769953125 0.4404296875 0.3521126765625 0.4482421875 0.34624413125000003 0.451171875 0.35064554062500003 0.443359375 0.3535798125 0.462890625 0.3711854453125 0.447265625 0.4093309859375 0.451171875 0.41519953125000003 0.421875 0.4474765265625 0.408203125 0.4973591546875 0.40625 0.553110328125 0.412109375 0.5795187796875 0.4248046875 0.5956572765625 0.4384765625 0.5927230046874999 0.46875 0.6528755875 0.474609375 0.7291666671875 0.466796875 0.7819835687500001 0.484375 0.784917840625 0.4912109375 0.7042253515625 0.490234375 0.76731220625 0.4931640625 0.7805164312499999 0.5 0.7731807515625 0.5087890625 0.6778169015625 0.515625 0.7966549296875 0.529296875 0.8025234734375 0.53515625 0.790786384375 0.52734375 0.7467723 0.52734375 0.6822183093749999 0.5390625 0.641138496875
4 0.8984375 0.7086267609375 0.91015625 0.65874413125 0.8837890625 0.6308685453125 0.88671875 0.696889671875 0.8984375 0.7086267609375
4 0.9375 0.40639671406250005 0.8935546875 0.41373239375 0.8818359375 0.40492957812499997 0.87890625 0.4122652578125 0.892578125 0.4474765265625 0.8583984375 0.44894366249999995 0.83984375 0.47975352187500003 0.828125 0.5355046953125 0.83203125 0.614730046875 0.8388671875 0.6191314546875 0.853515625 0.6000586859375 0.8583984375 0.56338028125 0.87109375 0.573650234375 0.8857421875 0.625 0.9033203125 0.6308685453125 0.916015625 0.6470070421874999 0.923828125 0.635269953125 0.935546875 0.5589788734375001 0.931640625 0.48268779375 0.9375 0.40639671406250005
4 0.7646484375 0.384389671875 0.779296875 0.4122652578125 0.7607421875 0.4166666671875 0.75 0.42987089218749996 0.73828125 0.47975352187500003 0.736328125 0.611795775 0.7412109375 0.6191314546875 0.748046875 0.614730046875 0.748046875 0.5648474171875 0.75390625 0.532570421875 0.7626953125 0.5281690140624999 0.775390625 0.5589788734375001 0.783203125 0.6323356812500001 0.791015625 0.635269953125 0.82421875 0.5002934265625 0.814453125 0.41519953125000003 0.8349609375 0.3814553984375 0.7646484375 0.384389671875
4 0.74609375 0.444542253125 0.740234375 0.39465962499999996 0.7578125 0.36825117343749997 0.7548828125 0.3579812203125 0.685546875 0.36825117343749997 0.6923828125 0.384389671875 0.7041015625 0.384389671875 0.70703125 0.39465962499999996 0.6923828125 0.3990610328125 0.677734375 0.42987089218749996 0.67578125 0.485622065625 0.68359375 0.5765845078125 0.6904296875 0.5956572765625 0.697265625 0.5941901406250001 0.6962890625 0.4900234734375 0.705078125 0.5589788734375001 0.703125 0.6000586859375 0.708984375 0.6059272296875 0.7265625 0.5765845078125 0.724609375 0.5178990609375 0.734375 0.5002934265625 0.74609375 0.444542253125
4 0.650390625 0.403462440625 0.6494140625 0.3931924875 0.5908203125 0.3931924875 0.591796875 0.40639671406250005 0.5791015625 0.41373239375 0.568359375 0.44160798124999995 0.576171875 0.5149647890625 0.595703125 0.50909624375 0.607421875 0.6029929578125001 0.615234375 0.6059272296875 0.623046875 0.5941901406250001 0.642578125 0.485622065625 0.634765625 0.41813380312500004 0.650390625 0.403462440625
4 0.419921875 0.421068075 0.4150390625 0.41373239375 0.3740234375 0.410798121875 0.3466796875 0.43427230000000006 0.3291015625 0.43427230000000006 0.3271484375 0.4460093890625 0.349609375 0.45921361562499996 0.353515625 0.506161971875 0.365234375 0.526701878125 0.380859375 0.5941901406250001 0.4033203125 0.627934271875 0.416015625 0.635269953125 0.419921875 0.6205985921875 0.404296875 0.5560446015625 0.404296875 0.5120305171874999 0.419921875 0.421068075
4 0.3330078125 0.46948356875 0.3291015625 0.45774647812499997 0.326171875 0.485622065625 0.34375 0.4914906109375 0.349609375 0.48855633750000005 0.349609375 0.4709507046875 0.3408203125 0.46068075156250005 0.3330078125 0.46948356875
4 0.40234375 0.3653169015625 0.4140625 0.33597417812499997 0.3916015625 0.3345070421875 0.3740234375 0.31983568125 0.3525390625 0.3345070421875 0.3310546875 0.3345070421875 0.328125 0.33890845 0.345703125 0.3623826296875 0.328125 0.42987089218749996 0.349609375 0.42987089218749996 0.3720703125 0.410798121875 0.4267578125 0.4166666671875 0.421875 0.3917253515625 0.40234375 0.3653169015625
4 0.2783203125 0.642605634375 0.283203125 0.635269953125 0.287109375 0.5443075125 0.294921875 0.5355046953125 0.275390625 0.5002934265625 0.3173828125 0.4870892015625 0.322265625 0.4474765265625 0.3125 0.403462440625 0.2919921875 0.37852112656250003 0.2236328125 0.369718309375 0.1953125 0.3858568078125 0.201171875 0.3887910796875 0.203125 0.41519953125000003 0.189453125 0.4562793421875 0.189453125 0.485622065625 0.19921875 0.52963615 0.23046875 0.5707159625 0.232421875 0.6528755875 0.255859375 0.6704812203125 0.26171875 0.5677816906250001 0.27734375 0.55017605625 0.271484375 0.641138496875 0.2783203125 0.642605634375
4 0.1494140625 0.384389671875 0.1396484375 0.3990610328125 0.0947265625 0.39025821562499996 0.080078125 0.41519953125000003 0.0859375 0.52963615 0.095703125 0.52963615 0.091796875 0.4738849765625 0.0986328125 0.45774647812499997 0.123046875 0.46801643125 0.12890625 0.48855633750000005 0.126953125 0.52963615 0.1484375 0.532570421875 0.142578125 0.47975352187500003 0.166015625 0.42400234687499994 0.16796875 0.3887910796875 0.1494140625 0.384389671875
4 0.0517578125 0.40492957812499997 0.0302734375 0.4019953046875 0.01953125 0.421068075 0.01171875 0.45921361562499996 0.015625 0.5208333328125 0.021484375 0.5208333328125 0.025390625 0.46508215937499997 0.0322265625 0.4636150234375 0.041015625 0.4709507046875 0.041015625 0.49442488281249997 0.05859375 0.52963615 0.080078125 0.397593896875 0.0693359375 0.39025821562499996 0.0576171875 0.3931924875 0.0517578125 0.40492957812499997
4 0.3193359375 0.3374413140625 0.2802734375 0.3374413140625 0.27734375 0.35064554062500003 0.29296875 0.3653169015625 0.29296875 0.377053990625 0.310546875 0.397593896875 0.32421875 0.43280516406249997 0.33984375 0.3887910796875 0.3359375 0.3623826296875 0.341796875 0.356514084375 0.3193359375 0.3374413140625
4 0.1259765625 0.3550469484375 0.0693359375 0.3521126765625 0.033203125 0.37411971875 0.0302734375 0.4019953046875 0.0517578125 0.4019953046875 0.0693359375 0.39025821562499996 0.080078125 0.397593896875 0.080078125 0.4093309859375 0.0947265625 0.39025821562499996 0.1298828125 0.3961267609375 0.14453125 0.3653169015625 0.1259765625 0.3550469484375